0 3379.0
1 3079.9
2 2643.1
3 3336.0
4 2380.3
5 4657.9
6 3180.3
7 2509.3
8 2736.3
9 3234.4
10 11514.7
11 2573.8
12 2953.6
13 13383.2
14 7627.3
15 11689.4
16 2658.0
17 3014.6
18 1094.1
19 1797.8
20 2116.7
21 2127.4
22 2715.8
23 3131.7
24 2536.6
25 2963.2
26 2777.2
27 2430.2
28 13452.8
29 3025.1
30 1571.2
31 1325.2
32 984.2
33 858.5
34 1704.2
35 6702.1
36 817.1
37 1112.9
38 907.8
39 6008.7
40 1352.5
41 10144.2
42 1316.2
43 1421.5
44 1701.0
45 934.0
46 1216.5
47 1777.6
48 1572.2
49 1432.8
50 1409.8
51 413.0
52 1471.5
53 926.8
54 928.2
55 1006.7
56 904.2
57 920.6
58 769.0
59 943.9
60 165.1
61 147.8
62 302.8
63 190.5
64 686.7
65 91.9
66 205.5
67 659.9
68 864.5
69 299.5
70 1464.1
71 801.6
72 957.4
73 1377.6
74 1306.1
75 1570.7
76 1442.1
77 1245.4
78 875.0
79 5952.5
80 526.3
81 750.1
82 9256.9
83 856.9
84 298.4
85 403.1
86 9108.7
87 783.8
88 880.4
89 659.3
90 272.3
91 380.6
92 612.6
93 367.9
94 525.6
95 638.4
96 802.0
97 191.2
98 229.1
99 149.0
100 918.4
101 789.9
102 877.7
103 904.7
104 1597.0
105 1481.3
106 887.2
107 715.4
108 1040.5
109 732.8
110 992.4
111 1354.8
112 930.4
113 830.2
114 1141.4
115 842.1
116 1321.8
117 871.3
118 1396.9
119 1367.1
120 848.3
121 1340.2
122 1214.8
123 1482.3
124 893.5
125 1055.9
126 1054.5
127 735.8
128 1701.9
129 9935.8
130 1573.5
131 1199.8
132 1390.3
133 1489.2
134 926.4
135 1031.1
136 9753.0
137 1816.8
138 5861.9
139 971.9
140 1093.7
141 726.4
142 1790.1
143 1538.9
144 1326.8
145 868.2
146 827.9
147 1327.7
148 995.7
149 1023.5
150 425.5
151 586.7
152 1042.1
153 548.7
154 963.8
155 794.2
156 458.6
157 514.1
158 444.5
159 950.7
160 899.4
161 959.4
162 1236.7
163 1285.9
164 1342.6
165 950.6
166 1326.7
167 1472.8
168 1194.8
169 905.3
170 1121.4
171 531.7
172 17022.5
173 5849.8
174 9932.2
175 769.2
176 9742.6
177 1387.8
178 1203.0
179 1797.3
180 1469.7
181 816.8
182 1076.9
183 973.5
184 737.9
185 1328.6
186 1533.7
187 1319.5
188 1755.3
189 1009.6
190 1296.5
191 1087.6
192 814.7
193 1201.0
194 857.4
195 5716.3
196 1357.7
197 1845.9
198 1063.3
199 1784.6
200 1795.8
201 1040.7
202 1333.5
203 961.4
204 817.2
205 851.2
206 1280.1
207 1362.3
208 1332.6
209 794.5
210 1323.0
211 1451.3
212 905.0
213 1191.0
214 1137.6
215 825.8
216 933.6
217 5838.4
218 9926.3
219 9734.0
220 1382.1
221 1206.4
222 1469.4
223 1327.8
224 946.4
225 934.7
226 964.9
227 1530.0
228 1316.1
229 998.5
230 1325.6
231 1277.0
232 733.5
233 1184.9
234 1781.6
235 1335.9
236 754.0
237 811.7
238 1334.8
239 757.3
240 1348.3
241 1273.7
242 841.5
243 1298.2
244 1436.7
245 1164.8
246 1102.8
247 10218.7
248 9719.7
249 9912.5
250 5819.0
251 1359.1
252 1170.2
253 1455.2
254 966.1
255 1816.1
256 1535.6
257 1311.5
258 1824.9
259 1002.4
260 1327.1
261 1267.5
262 928.5
263 1036.2
264 1196.4
265 1343.4
266 915.9
267 925.8
268 1334.0
269 838.9
270 745.5
271 1339.3
272 1370.1
273 1285.5
274 10435.7
275 1331.3
276 1034.0
277 1469.7
278 901.6
279 1184.4
280 1123.1
281 10227.7
282 9748.9
283 5818.3
284 9930.9
285 1387.8
286 1201.5
287 1494.5
288 998.0
289 1558.2
290 1177.8
291 595.2
292 1251.0
293 1166.6
294 1001.2
295 1281.5
296 843.6
297 1668.1
298 763.8
299 861.9
300 1046.2
301 917.0
302 1722.7
303 764.0
304 1469.9
305 1850.4
306 761.5
307 1615.3
308 1816.3
309 995.8
310 2736.9
311 1048.5
312 1764.6
313 1770.3
314 1776.4
315 1765.7
316 1781.7
317 1840.1
318 840.5
319 969.7
320 859.5
321 829.9
322 841.9
323 1599.4
324 933.7
325 1567.5
326 871.8
327 1645.4
328 856.6
329 819.2
330 808.3
331 819.5
332 765.9
333 773.9
334 805.9
335 805.9
336 708.2
337 640.1
338 769.7
339 1319.7
340 6790.9
341 740.1
342 822.6
343 1461.8
344 741.2
345 801.7
346 6815.9
347 819.3
348 881.9
349 814.7
350 877.8
351 1034.7
352 851.2
353 839.4
354 842.5
355 853.0
356 839.8
357 830.8
358 838.4
359 63.6
360 27.2
361 85.1
362 57.3
363 89.5
364 65.2
365 77.9
366 80.1
367 30.2
368 23.8
369 424.1
370 389.6
371 564.5
372 414.4
373 516.1
374 443.5
375 372.5
376 188.9
377 58.4
378 98.7
379 216.2
380 459.3
381 278.8
382 696.6
383 231.3
384 76.1
385 142.9
386 149.5
387 65.3
388 79.4
389 88.5
390 105.8
391 156.4
392 24.1
393 60.2
394 69.0
395 132.4
396 63.8
397 69.8
398 113.7
399 92.1
400 73.4
401 40.9
402 108.8
403 42.7
404 35.8
405 95.0
406 357.2
407 418.8
408 162.7
409 83.0
410 40.4
411 127.3
412 51.7
413 90.3
414 80.9
415 141.8
416 823.2
417 7170.5
418 4608.9
419 12372.5
420 790.1
421 4512.0
422 781.4
423 806.3
424 840.8
425 676.1
426 450.4
427 647.1
428 755.1
429 796.7
430 534.6
431 822.9
432 717.3
433 850.5
434 748.1
435 580.3
436 82.1
437 75.3
438 46.8
439 157.6
440 41.6
441 237.6
442 48.5
443 60.4
444 168.9
445 868.5
446 834.8
447 885.0
448 898.6
449 845.6
450 1100.4
451 788.2
452 784.4
453 833.2
454 908.1
455 189.2
456 64.0
457 389.2
458 48.3
459 71.5
460 376.3
461 415.5
462 90.7
463 68.1
464 907.4
465 1082.0
466 793.6
467 897.6
468 855.9
469 795.7
470 900.7
471 968.5
472 768.8
473 904.9
474 865.9
475 736.4
476 795.7
477 715.5
478 740.7
479 733.8
480 729.3
481 744.7
482 789.3
483 6460.6
484 12777.8
485 440.5
486 1105.2
487 823.8
488 1206.1
489 819.9
490 12872.6
491 642.0
492 984.7
493 1641.7
494 12346.5
495 155.0
496 947.5
497 13813.2
498 432.8
499 390.8
500 353.1
501 13570.2
502 925.9
503 380.3
504 654.1
505 13464.0
506 934.4
507 225.3
508 290.1
509 17434.4
510 14025.1
511 18100.1
512 3938.7
513 14092.7
514 937.3
515 881.4
516 17968.4
517 18013.9
518 893.5
519 897.1
520 12859.1
521 5695.0
522 266.0
523 894.7
524 855.8
525 195.3
526 450.7
527 786.7
528 362.7
529 791.4
530 655.8
531 1063.4
532 576.8
533 830.5
534 307.3
535 258.6
536 366.3
537 3332.7
538 312.4
539 399.4
540 146.3
541 813.6
542 881.0
543 794.0
544 976.8
545 945.5
546 10247.1
547 858.9
548 9992.6
549 12399.6
550 1078.1
551 559.1
552 718.1
553 749.9
554 912.4
555 772.6
556 10870.8
557 10912.2
558 1173.1
559 1162.0
560 10791.3
561 337.7
562 513.6
563 780.5
564 17939.9
565 760.9
566 6329.7
567 1472.1
568 823.8
569 6361.9
570 6278.2
571 436.5
572 1013.7
573 99.3
574 520.1
575 435.3
576 430.6
577 12101.3
578 514.6
579 10186.0
580 29.3
581 45.9
582 256.7
583 100.6
584 440.5
585 42.0
586 5570.7
587 56.6
588 925.4
589 295.3
590 412.9
591 711.5
592 915.3
593 11563.4
594 740.9
595 1592.2
596 511.6
597 6674.1
598 890.5
599 833.6
600 1382.3
601 10421.3
602 839.1
603 1080.4
604 1228.3
605 693.6
606 465.2
607 537.3
608 778.7
609 376.8
610 264.3
611 350.3
612 174.3
613 828.5
614 396.6
615 563.8
616 412.2
617 387.2
618 329.8
619 3458.3
620 457.4
621 842.3
622 190.5
623 398.8
624 6949.5
625 267.3
626 605.8
627 863.5
628 710.6
629 6660.4
630 13626.9
631 790.1
632 681.9
633 957.6
634 563.2
635 784.8
636 3931.6
637 628.6
638 501.7
639 287.0
640 563.7
641 888.1
642 660.0
643 5790.3
644 935.8
645 1257.7
646 1336.2
647 1219.2
648 13953.2
649 3406.1
650 2546.1
651 3869.9
652 3614.8
653 3094.1
654 2918.2
655 3108.6
656 638.7
657 1051.2
658 254.8
659 144.0
660 2807.5
661 682.5
662 2750.6
663 76.6
664 258.5
665 3449.2
666 2827.5
667 3222.3
668 3074.5
669 3205.0
670 59.0
671 202.0
672 83.7
673 117.6
674 22.7
675 36.6
676 16799.0
677 74.9
678 49.6
679 5590.9
680 190.7
681 198.8
682 40.2
683 316.8
684 12128.6
685 87.5
686 5101.5
687 9804.3
688 102.8
689 11232.7
690 616.7
691 84.9
692 9899.0
693 613.7
694 1180.6
695 226.8
696 11384.3
697 53.8
698 360.6
699 10128.6
700 693.9
701 316.7
702 426.3
703 712.0
704 9530.8
705 35.0
706 11928.5
707 11559.4
708 301.4
709 9745.1
710 125.5
711 453.7
712 241.5
713 316.0
714 11160.1
715 9723.4
716 45.5
717 16771.4
718 12912.2
719 45.5
720 16750.5
721 2624.3
722 76.7
723 43.2
724 120.1
725 9529.2
726 54.7
727 185.5
728 2618.6
729 2617.2
730 45.6
731 407.7
732 90.5
733 34.0
734 2995.3
735 3020.9
736 2978.8
737 448.4
738 9624.2
739 5844.8
740 774.6
741 825.5
742 5651.1
743 10162.6
744 818.4
745 3429.4
746 775.5
747 11293.0
748 9747.2
749 175.0
750 738.7
751 681.4
752 576.4
753 17348.3
754 635.6
755 10082.2
756 6155.9
757 764.5
758 693.8
759 737.6
760 159.0
761 711.4
762 549.9
763 299.3
764 843.0
765 11137.5
766 6153.8
767 2868.7
768 191.6
769 6793.6
770 2375.4
771 2372.8
772 5467.4
773 16959.6
774 2292.9
775 5459.8
776 59.5
777 137.6
778 214.5
779 5577.1
780 5435.5
781 9436.0
782 37.8
783 16722.9
784 63.6
785 3304.1
786 11588.4
787 6622.7
788 2569.4
789 801.1
790 174.5
791 40.5
792 213.6
793 157.5
794 150.0
795 11293.7
796 302.1
797 145.7
798 6370.9
799 2347.0
800 2256.4
801 11702.6
802 104.7
803 16695.4
804 134.5
805 3403.9
806 5019.0
807 10758.8
808 11761.0
809 16888.8
810 249.8
811 16716.9
812 16666.8
813 16694.2
814 16783.8
815 16686.6
816 17200.6
817 16682.3
818 214.9
819 93.2
820 109.1
821 214.2
822 5013.6
823 12255.4
824 11166.1
825 54.1
826 12175.9
827 4995.7
828 6245.5
829 66.2
830 76.5
831 112.1
832 117.0
833 11492.2
834 74.1
835 43.7
836 1317.0
837 104.2
838 1432.7
839 322.8
840 784.3
841 113.3
842 3021.8
843 9329.1
844 452.9
845 661.9
846 828.8
847 5690.7
848 2759.8
849 5523.8
850 804.4
851 769.6
852 5630.0
853 11104.7
854 11146.3
855 3823.5
856 721.7
857 673.3
858 804.4
859 755.2
860 1295.3
861 1324.4
862 1060.1
863 1057.1
864 1357.8
865 1169.1
866 1332.9
867 1345.5
868 871.3
869 837.8
870 837.9
871 804.5
872 5446.7
873 628.8
874 790.0
875 5490.9
876 1493.9
877 6498.5
878 783.5
879 11377.2
880 593.1
881 680.2
882 2403.6
883 711.4
884 5142.7
885 6541.3
886 871.7
887 16465.2
888 5393.2
889 1335.2
890 772.0
891 11228.1
892 729.9
893 5388.1
894 1571.1
895 2338.8
896 1525.7
897 778.8
898 1551.9
899 11220.3
900 12321.2
901 5244.0
902 16481.3
903 5193.8
904 1516.3
905 9256.5
906 1567.5
907 8567.4
908 80.5
909 15556.6
910 70.0
911 71.7
912 26.9
913 88.4
914 63.7
915 84.4
916 70.3
917 61.3
918 52.1
919 43.2
920 58.0
921 35.6
922 105.0
923 374.3
924 41.3
925 420.2
926 253.0
927 67.3
928 45.7
929 251.6
930 327.8
931 170.1
932 373.3
933 75.9
934 114.2
935 104.7
936 72.1
937 810.2
938 743.7
939 695.5
940 799.9
941 794.6
942 722.8
943 766.6
944 793.6
945 808.5
946 766.9
947 31.3
948 60.3
949 28.1
950 31.8
951 51.7
952 55.6
953 77.9
954 41.0
955 70.0
956 55.7
957 802.7
958 848.7
959 851.8
960 813.9
961 808.7
962 830.8
963 724.6
964 820.6
965 829.7
966 727.9
967 778.5
968 795.0
969 701.0
970 1848.7
971 1737.5
972 724.8
973 707.1
974 641.5
975 774.8
976 777.6
977 10366.3
978 801.1
979 800.1
980 1531.0
981 811.9
982 740.7
983 1537.5
984 700.4
985 701.1
986 828.8
987 825.0
988 821.8
989 661.4
990 60.0
991 731.7
992 1266.1
993 42.5
994 31.3
995 48.1
996 33.1
997 4071.4
998 296.3
999 756.3
1000 857.7
1001 733.8
1002 782.5
1003 58.0
1004 84.6
1005 147.5
1006 97.5
1007 43.0
1008 147.3
1009 81.4
1010 50.5
1011 63.0
1012 116.2
1013 771.9
1014 781.2
1015 812.1
1016 791.1
1017 1265.2
1018 873.9
1019 776.5
1020 865.1
1021 809.4
1022 864.0
1023 120.7
1024 145.6
1025 200.0
1026 117.3
1027 77.2
1028 123.7
1029 146.3
1030 120.7
1031 42.6
1032 436.6
1033 1034.0
1034 804.0
1035 730.7
1036 728.1
1037 815.9
1038 724.4
1039 793.7
1040 928.0
1041 821.3
1042 783.9
1043 58.0
1044 141.7
1045 97.0
1046 98.9
1047 81.2
1048 76.1
1049 48.2
1050 67.8
1051 64.2
