61 147.8
60 165.1
99 149.0
63 190.5
97 191.2
66 205.5
98 229.1
90 272.3
84 298.4
69 299.5
62 302.8
51 413.0
93 367.9
91 380.6
85 403.1
158 444.5
156 458.6
80 526.3
94 525.6
157 514.1
171 531.7
151 586.7
92 612.6
291 595.2
95 638.4
89 659.3
67 659.9
64 686.7
58 769.0
107 715.4
109 732.8
81 750.1
65 91.9
36 817.1
87 783.8
101 789.9
33 858.5
96 802.0
155 794.2
192 814.7
181 816.8
56 904.2
38 907.8
83 856.9
68 864.5
53 926.8
54 928.2
45 934.0
296 843.6
102 877.7
88 880.4
117 871.3
106 887.2
299 861.9
57 920.6
124 893.5
103 904.7
100 918.4
212 905.0
278 901.6
59 943.9
134 926.4
112 930.4
55 1006.7
266 915.9
301 917.0
216 933.6
267 925.8
262 928.5
225 934.7
318 840.5
159 950.7
360 27.2
224 946.4
139 971.9
203 961.4
154 963.8
183 973.5
226 964.9
254 966.1
368 23.8
367 30.2
110 992.4
320 859.5
359 63.6
362 57.3
148 995.7
321 829.9
309 995.8
229 998.5
189 1009.6
18 1094.1
364 65.2
288 998.0
294 1001.2
259 1002.4
361 85.1
135 1031.1
365 77.9
149 1023.5
366 80.1
37 1112.9
363 89.5
108 1040.5
150 425.5
377 58.4
201 1040.7
152 1042.1
392 24.1
126 1054.5
125 1055.9
276 1034.0
263 1036.2
300 1046.2
311 1048.5
198 1063.3
387 65.3
182 1076.9
404 35.8
378 98.7
393 60.2
401 40.9
140 1093.7
384 76.1
403 42.7
191 1087.6
388 79.4
396 63.8
394 69.0
319 969.7
397 69.8
389 88.5
410 40.4
400 73.4
329 819.2
246 1102.8
390 105.8
170 1121.4
399 92.1
332 765.9
412 51.7
114 1141.4
46 1216.5
280 1123.1
330 808.3
214 1137.6
328 856.6
405 95.0
409 83.0
324 933.7
398 113.7
326 871.8
402 108.8
385 142.9
337 640.1
333 773.9
395 132.4
414 80.9
386 149.5
413 90.3
376 188.9
391 156.4
245 1164.8
293 1166.6
440 41.6
438 46.8
213 1191.0
252 1170.2
131 1199.8
442 48.5
290 1177.8
411 127.3
168 1194.8
279 1184.4
233 1184.9
443 60.4
122 1214.8
379 216.2
178 1203.0
193 1201.0
437 75.3
264 1196.4
221 1206.4
408 162.7
436 82.1
286 1201.5
336 708.2
383 231.3
415 141.8
77 1245.4
42 1316.2
162 1236.7
31 1325.2
458 48.3
334 805.9
153 548.7
456 64.0
292 1251.0
335 805.9
459 71.5
463 68.1
40 1352.5
381 278.8
206 1280.1
261 1267.5
74 1306.1
241 1273.7
338 769.7
163 1285.9
462 90.7
231 1277.0
439 157.6
295 1281.5
273 1285.5
190 1296.5
243 1298.2
116 1321.8
187 1319.5
257 1311.5
210 1323.0
444 168.9
50 1409.8
228 1316.1
166 1326.7
144 1326.8
147 1327.7
185 1328.6
121 1340.2
208 1332.6
202 1333.5
230 1325.6
223 1327.8
43 1421.5
260 1327.1
275 1331.3
164 1342.6
111 1354.8
268 1334.0
238 1334.8
235 1335.9
49 1432.8
375 372.5
271 1339.3
370 389.6
265 1343.4
73 1377.6
119 1367.1
196 1357.7
240 1348.3
207 1362.3
251 1359.1
441 237.6
372 414.4
132 1390.3
272 1370.1
369 424.1
220 1382.1
455 189.2
118 1396.9
52 1471.5
177 1387.8
285 1387.8
406 357.2
374 443.5
76 1442.1
70 1464.1
244 1436.7
380 459.3
211 1451.3
145 868.2
105 1481.3
407 418.8
495 155.0
253 1455.2
180 1469.7
184 737.9
123 1482.3
167 1472.8
133 1489.2
222 1469.4
277 1469.7
304 1469.9
30 1571.2
373 516.1
113 830.2
48 1572.2
175 769.2
287 1494.5
232 733.5
146 827.9
371 564.5
186 1533.7
540 146.3
236 754.0
143 1538.9
227 1530.0
72 957.4
256 1535.6
75 1570.7
426 450.4
525 195.3
507 225.3
130 1573.5
289 1558.2
460 376.3
104 1597.0
580 29.3
298 763.8
303 764.0
306 761.5
457 389.2
204 817.2
341 740.1
581 45.9
344 741.2
461 415.5
585 42.0
522 266.0
44 1701.0
194 857.4
34 1704.2
160 899.4
508 290.1
307 1615.3
573 99.3
169 905.3
587 56.6
269 838.9
535 258.6
430 534.6
345 801.7
331 819.5
583 100.6
342 822.6
322 841.9
500 353.1
297 1668.1
534 307.3
128 1701.9
347 819.3
382 696.6
349 814.7
538 312.4
47 1777.6
435 580.3
503 380.3
499 390.8
528 362.7
485 440.5
302 1722.7
353 839.4
427 647.1
352 851.2
536 366.3
357 830.8
354 842.5
498 432.8
188 1755.3
356 839.8
348 881.9
350 877.8
358 838.4
355 853.0
425 676.1
312 1764.6
315 1765.7
142 1790.1
313 1770.3
323 1599.4
199 1784.6
539 399.4
314 1776.4
234 1781.6
316 1781.7
200 1795.8
179 1797.3
137 1816.8
526 450.7
582 256.7
561 337.7
255 1816.1
308 1816.3
258 1824.9
432 717.3
612 174.3
197 1845.9
317 1840.1
339 1319.7
589 295.3
622 190.5
420 790.1
422 781.4
305 1850.4
434 748.1
423 806.3
429 796.7
416 823.2
610 264.3
663 76.6
674 22.7
327 1645.4
351 1034.7
424 840.8
491 642.0
431 822.9
71 801.6
477 715.5
209 794.5
670 59.0
532 576.8
675 36.6
659 144.0
571 436.5
452 784.4
451 788.2
475 736.4
479 733.8
576 430.6
480 729.3
433 850.5
625 267.3
478 740.7
575 435.3
504 654.1
481 744.7
590 412.9
242 841.5
120 848.3
466 793.6
562 513.6
678 49.6
446 834.8
682 40.2
469 795.7
618 329.8
611 350.3
453 833.2
673 117.6
609 376.8
584 440.5
449 845.6
677 74.9
530 655.8
239 757.3
476 795.7
20 2116.7
445 868.5
21 2127.4
639 287.0
697 53.8
447 885.0
705 35.0
574 520.1
685 87.5
691 84.9
578 514.6
468 855.9
658 254.8
617 387.2
448 898.6
614 396.6
688 102.8
474 865.9
616 412.2
671 202.0
664 258.5
623 398.8
606 465.2
165 950.6
467 897.6
454 908.1
489 819.9
115 842.1
716 45.5
487 823.8
470 900.7
473 904.9
464 907.4
205 851.2
719 45.5
596 511.6
723 43.2
733 34.0
527 786.7
672 83.7
710 125.5
680 190.7
730 45.6
726 54.7
529 791.4
681 198.8
722 76.7
607 537.3
471 968.5
552 718.1
732 90.5
524 855.8
533 830.5
541 813.6
724 120.1
553 749.9
695 226.8
515 881.4
161 959.4
615 563.8
518 893.5
555 772.6
519 897.1
502 925.9
638 501.7
496 947.5
565 760.9
506 934.4
514 937.3
492 984.7
450 1100.4
712 241.5
683 316.8
542 881.0
727 185.5
465 1082.0
591 711.5
547 858.9
701 316.7
626 605.8
634 563.2
343 1461.8
708 301.4
605 693.6
640 563.7
568 823.8
749 175.0
776 59.5
594 740.9
713 316.0
698 360.6
782 37.8
554 912.4
760 159.0
620 457.4
486 1105.2
791 40.5
545 945.5
637 628.6
544 976.8
702 426.3
642 660.0
628 710.6
656 638.7
531 1063.4
777 137.6
608 778.7
632 681.9
768 191.6
599 833.6
602 839.1
24 2536.6
711 453.7
802 104.7
613 828.5
551 559.1
793 157.5
488 1206.1
778 214.5
661 682.5
794 150.0
598 890.5
11 2573.8
731 407.7
588 925.4
797 145.7
790 174.5
819 93.2
550 1078.1
635 784.8
631 790.1
621 842.3
763 299.3
572 1013.7
825 54.1
792 213.6
820 109.1
804 134.5
693 613.7
690 616.7
834 74.1
835 43.7
830 76.5
627 863.5
829 66.2
737 448.4
22 2715.8
831 112.1
832 117.0
837 104.2
559 1162.0
841 113.3
270 745.5
8 2736.3
641 888.1
558 1173.1
818 214.9
821 214.2
644 935.8
26 2777.2
482 789.3
428 755.1
603 1080.4
810 249.8
700 693.9
796 302.1
472 768.8
633 957.6
703 712.0
784 63.6
752 576.4
762 549.9
592 915.3
25 2963.2
754 635.6
543 794.0
751 681.4
657 1051.2
563 780.5
325 1567.5
12 2953.6
604 1228.3
839 322.8
750 738.7
740 774.6
758 693.8
17 3014.6
746 775.5
761 711.4
493 1641.7
523 894.7
29 3025.1
759 737.6
744 818.4
567 1472.1
741 825.5
4 2380.3
1 3079.9
647 1219.2
600 1382.3
844 452.9
32 984.2
645 1257.7
23 3131.7
27 2430.2
764 843.0
6 3180.3
789 801.1
646 1336.2
9 3234.4
694 1180.6
595 1592.2
845 661.9
3 3336.0
141 726.4
908 80.5
840 784.3
127 735.8
912 26.9
910 70.0
911 71.7
0 3379.0
857 673.3
757 764.5
914 63.7
237 811.7
913 88.4
215 825.8
915 84.4
856 721.7
916 70.3
917 61.3
919 43.2
921 35.6
918 52.1
920 58.0
851 769.6
78 875.0
924 41.3
928 45.7
880 593.1
850 804.4
873 628.8
927 67.3
859 755.2
846 828.8
922 105.0
933 75.9
858 804.4
936 72.1
881 680.2
934 114.2
935 104.7
947 31.3
883 711.4
931 170.1
949 28.1
948 60.3
878 783.5
874 790.0
950 31.8
871 804.5
868 871.3
951 51.7
926 253.0
929 251.6
954 41.0
952 55.6
869 837.8
870 837.9
892 729.9
953 77.9
955 70.0
956 55.7
890 772.0
930 327.8
932 373.3
925 420.2
897 778.8
863 1057.1
862 1060.1
19 1797.8
923 374.3
886 871.7
836 1317.0
2 2643.1
865 1169.1
838 1432.7
860 1295.3
861 1324.4
866 1332.9
867 1345.5
864 1357.8
939 695.5
938 743.7
942 722.8
889 1335.2
990 60.0
937 810.2
943 766.6
650 2546.1
940 799.9
941 794.6
994 31.3
944 793.6
993 42.5
946 766.9
996 33.1
876 1493.9
995 48.1
945 808.5
7 2509.3
1003 58.0
963 724.6
969 701.0
1006 97.5
966 727.9
1007 43.0
1010 50.5
960 813.9
1004 84.6
957 802.7
961 808.7
1009 81.4
974 641.5
967 778.5
958 848.7
896 1525.7
964 820.6
1005 147.5
962 830.8
968 795.0
959 851.8
965 829.7
894 1571.1
1008 147.3
898 1551.9
662 2750.6
1011 63.0
973 707.1
972 724.8
1031 42.6
1027 77.2
770 2375.4
771 2372.8
660 2807.5
1012 116.2
998 296.3
800 2256.4
975 774.8
976 777.6
1023 120.7
904 1516.3
1026 117.3
1028 123.7
979 800.1
666 2827.5
978 801.1
982 740.7
1024 145.6
1030 120.7
981 811.9
654 2918.2
1029 146.3
1043 58.0
721 2624.3
1049 48.2
537 3332.7
729 2617.2
728 2618.6
906 1567.5
1050 67.8
1048 76.1
1051 64.2
1025 200.0
1047 81.2
1045 97.0
1046 98.9
984 700.4
1044 141.7
985 701.1
774 2292.9
989 661.4
653 3094.1
655 3108.6
988 821.8
987 825.0
668 3074.5
986 828.8
991 731.7
799 2347.0
1032 436.6
788 2569.4
736 2978.8
1001 733.8
999 756.3
734 2995.3
667 3222.3
767 2868.7
735 3020.9
1002 782.5
619 3458.3
649 3406.1
1000 857.7
16 2658.0
669 3205.0
512 3938.7
882 2403.6
1015 812.1
1013 771.9
1019 776.5
1036 728.1
1016 791.1
1014 781.2
1035 730.7
665 3449.2
1021 809.4
1038 724.4
895 2338.8
310 2736.9
1020 865.1
1018 873.9
1034 804.0
1022 864.0
652 3614.8
980 1531.0
1042 783.9
1037 815.9
1039 793.7
1041 821.3
848 2759.8
983 1537.5
1040 928.0
745 3429.4
992 1266.1
842 3021.8
421 4512.0
971 1737.5
970 1848.7
1033 1034.0
785 3304.1
651 3869.9
418 4608.9
636 3931.6
1017 1265.2
283 5818.3
250 5819.0
805 3403.9
217 5838.4
173 5849.8
138 5861.9
39 6008.7
79 5952.5
855 3823.5
35 6702.1
5 4657.9
14 7627.3
679 5590.9
643 5790.3
340 6790.9
827 4995.7
822 5013.6
806 5019.0
346 6815.9
780 5435.5
686 5101.5
775 5459.8
772 5467.4
742 5651.1
566 6329.7
779 5577.1
569 6361.9
739 5844.8
884 5142.7
586 5570.7
849 5523.8
417 7170.5
195 5716.3
597 6674.1
872 5446.7
570 6278.2
852 5630.0
901 5244.0
903 5193.8
888 5393.2
521 5695.0
756 6155.9
875 5490.9
629 6660.4
893 5388.1
847 5690.7
766 6153.8
483 6460.6
997 4071.4
624 6949.5
828 6245.5
798 6370.9
769 6793.6
86 9108.7
82 9256.9
787 6622.7
877 6498.5
885 6541.3
248 9719.7
219 9734.0
136 9753.0
176 9742.6
282 9748.9
249 9912.5
129 9935.8
218 9926.3
174 9932.2
284 9930.9
41 10144.2
10 11514.7
548 9992.6
15 11689.4
546 10247.1
579 10186.0
738 9624.2
781 9436.0
907 8567.4
709 9745.1
687 9804.3
715 9723.4
692 9899.0
843 9329.1
601 10421.3
725 9529.2
704 9530.8
560 10791.3
556 10870.8
748 9747.2
557 10912.2
905 9256.5
274 10435.7
755 10082.2
699 10128.6
743 10162.6
247 10218.7
281 10227.7
714 11160.1
807 10758.8
689 11232.7
696 11384.3
765 11137.5
707 11559.4
824 11166.1
494 12346.5
577 12101.3
795 11293.7
747 11293.0
853 11104.7
854 11146.3
549 12399.6
786 11588.4
706 11928.5
833 11492.2
484 12777.8
684 12128.6
801 11702.6
490 12872.6
891 11228.1
808 11761.0
520 12859.1
593 11563.4
977 10366.3
899 11220.3
879 11377.2
419 12372.5
826 12175.9
28 13452.8
823 12255.4
505 13464.0
501 13570.2
718 12912.2
497 13813.2
630 13626.9
510 14025.1
900 12321.2
513 14092.7
648 13953.2
13 13383.2
676 16799.0
509 17434.4
909 15556.6
717 16771.4
720 16750.5
783 16722.9
803 16695.4
812 16666.8
817 16682.3
815 16686.6
813 16694.2
811 16716.9
814 16783.8
773 16959.6
516 17968.4
809 16888.8
517 18013.9
887 16465.2
564 17939.9
511 18100.1
753 17348.3
902 16481.3
172 17022.5
816 17200.6
