674 22.7
368 23.8
392 24.1
912 26.9
360 27.2
949 28.1
580 29.3
367 30.2
947 31.3
994 31.3
950 31.8
996 33.1
733 34.0
705 35.0
921 35.6
404 35.8
675 36.6
782 37.8
682 40.2
410 40.4
791 40.5
401 40.9
954 41.0
924 41.3
440 41.6
585 42.0
993 42.5
1031 42.6
403 42.7
1007 43.0
723 43.2
919 43.2
835 43.7
716 45.5
719 45.5
730 45.6
928 45.7
581 45.9
438 46.8
995 48.1
1049 48.2
458 48.3
442 48.5
678 49.6
1010 50.5
412 51.7
951 51.7
918 52.1
697 53.8
825 54.1
726 54.7
952 55.6
956 55.7
587 56.6
362 57.3
1003 58.0
1043 58.0
920 58.0
377 58.4
670 59.0
776 59.5
990 60.0
393 60.2
948 60.3
443 60.4
917 61.3
1011 63.0
359 63.6
784 63.6
914 63.7
396 63.8
456 64.0
1051 64.2
364 65.2
387 65.3
829 66.2
927 67.3
1050 67.8
463 68.1
394 69.0
397 69.8
910 70.0
955 70.0
916 70.3
459 71.5
911 71.7
936 72.1
400 73.4
834 74.1
677 74.9
437 75.3
933 75.9
1048 76.1
384 76.1
830 76.5
663 76.6
722 76.7
1027 77.2
365 77.9
953 77.9
388 79.4
366 80.1
908 80.5
414 80.9
1047 81.2
1009 81.4
436 82.1
409 83.0
672 83.7
915 84.4
1004 84.6
691 84.9
361 85.1
685 87.5
913 88.4
389 88.5
363 89.5
413 90.3
732 90.5
462 90.7
65 91.9
399 92.1
819 93.2
405 95.0
1045 97.0
1006 97.5
378 98.7
1046 98.9
573 99.3
583 100.6
688 102.8
837 104.2
802 104.7
935 104.7
922 105.0
390 105.8
402 108.8
820 109.1
831 112.1
841 113.3
398 113.7
934 114.2
1012 116.2
832 117.0
1026 117.3
673 117.6
724 120.1
1023 120.7
1030 120.7
1028 123.7
710 125.5
411 127.3
395 132.4
804 134.5
777 137.6
1044 141.7
415 141.8
385 142.9
659 144.0
1024 145.6
797 145.7
1029 146.3
540 146.3
1008 147.3
1005 147.5
61 147.8
99 149.0
386 149.5
794 150.0
495 155.0
391 156.4
793 157.5
439 157.6
760 159.0
408 162.7
60 165.1
444 168.9
931 170.1
612 174.3
790 174.5
749 175.0
727 185.5
376 188.9
455 189.2
622 190.5
63 190.5
680 190.7
97 191.2
768 191.6
525 195.3
681 198.8
1025 200.0
671 202.0
66 205.5
792 213.6
821 214.2
778 214.5
818 214.9
379 216.2
507 225.3
695 226.8
98 229.1
383 231.3
441 237.6
712 241.5
810 249.8
929 251.6
926 253.0
658 254.8
582 256.7
664 258.5
535 258.6
610 264.3
522 266.0
625 267.3
90 272.3
381 278.8
639 287.0
508 290.1
589 295.3
998 296.3
84 298.4
763 299.3
69 299.5
708 301.4
796 302.1
62 302.8
534 307.3
538 312.4
713 316.0
701 316.7
683 316.8
839 322.8
930 327.8
618 329.8
561 337.7
611 350.3
500 353.1
406 357.2
698 360.6
528 362.7
536 366.3
93 367.9
375 372.5
932 373.3
923 374.3
460 376.3
609 376.8
503 380.3
91 380.6
617 387.2
457 389.2
370 389.6
499 390.8
614 396.6
623 398.8
539 399.4
85 403.1
731 407.7
616 412.2
590 412.9
51 413.0
372 414.4
461 415.5
407 418.8
925 420.2
369 424.1
150 425.5
702 426.3
576 430.6
498 432.8
575 435.3
571 436.5
1032 436.6
485 440.5
584 440.5
374 443.5
158 444.5
737 448.4
426 450.4
526 450.7
844 452.9
711 453.7
620 457.4
156 458.6
380 459.3
606 465.2
638 501.7
596 511.6
562 513.6
157 514.1
578 514.6
373 516.1
574 520.1
94 525.6
80 526.3
171 531.7
430 534.6
607 537.3
153 548.7
762 549.9
551 559.1
634 563.2
640 563.7
615 563.8
371 564.5
752 576.4
532 576.8
435 580.3
151 586.7
880 593.1
291 595.2
626 605.8
92 612.6
693 613.7
690 616.7
637 628.6
873 628.8
754 635.6
95 638.4
656 638.7
337 640.1
974 641.5
491 642.0
427 647.1
504 654.1
530 655.8
89 659.3
67 659.9
642 660.0
989 661.4
845 661.9
857 673.3
425 676.1
881 680.2
751 681.4
632 681.9
661 682.5
64 686.7
605 693.6
758 693.8
700 693.9
939 695.5
382 696.6
984 700.4
969 701.0
985 701.1
973 707.1
336 708.2
628 710.6
761 711.4
883 711.4
591 711.5
703 712.0
107 715.4
477 715.5
432 717.3
552 718.1
856 721.7
942 722.8
1038 724.4
963 724.6
972 724.8
141 726.4
966 727.9
1036 728.1
480 729.3
892 729.9
1035 730.7
991 731.7
109 732.8
232 733.5
1001 733.8
479 733.8
127 735.8
475 736.4
759 737.6
184 737.9
750 738.7
341 740.1
478 740.7
982 740.7
594 740.9
344 741.2
938 743.7
481 744.7
270 745.5
434 748.1
553 749.9
81 750.1
236 754.0
428 755.1
859 755.2
999 756.3
239 757.3
565 760.9
306 761.5
298 763.8
303 764.0
757 764.5
332 765.9
943 766.6
946 766.9
472 768.8
58 769.0
175 769.2
851 769.6
338 769.7
1013 771.9
890 772.0
555 772.6
333 773.9
740 774.6
975 774.8
746 775.5
1019 776.5
976 777.6
967 778.5
608 778.7
897 778.8
563 780.5
1014 781.2
422 781.4
1002 782.5
878 783.5
87 783.8
1042 783.9
840 784.3
452 784.4
635 784.8
527 786.7
451 788.2
482 789.3
101 789.9
874 790.0
420 790.1
631 790.1
1016 791.1
529 791.4
466 793.6
944 793.6
1039 793.7
543 794.0
155 794.2
209 794.5
941 794.6
968 795.0
469 795.7
476 795.7
429 796.7
940 799.9
979 800.1
789 801.1
978 801.1
71 801.6
345 801.7
96 802.0
957 802.7
1034 804.0
850 804.4
858 804.4
871 804.5
334 805.9
335 805.9
423 806.3
330 808.3
945 808.5
961 808.7
1021 809.4
937 810.2
237 811.7
981 811.9
1015 812.1
541 813.6
960 813.9
192 814.7
349 814.7
1037 815.9
181 816.8
36 817.1
204 817.2
744 818.4
329 819.2
347 819.3
331 819.5
489 819.9
964 820.6
1041 821.3
988 821.8
342 822.6
431 822.9
416 823.2
487 823.8
568 823.8
987 825.0
741 825.5
215 825.8
146 827.9
613 828.5
846 828.8
986 828.8
965 829.7
321 829.9
113 830.2
533 830.5
357 830.8
962 830.8
453 833.2
599 833.6
446 834.8
869 837.8
870 837.9
358 838.4
269 838.9
602 839.1
353 839.4
356 839.8
318 840.5
424 840.8
242 841.5
322 841.9
115 842.1
621 842.3
354 842.5
764 843.0
296 843.6
449 845.6
120 848.3
958 848.7
433 850.5
205 851.2
352 851.2
959 851.8
355 853.0
524 855.8
468 855.9
328 856.6
83 856.9
194 857.4
1000 857.7
33 858.5
547 858.9
320 859.5
299 861.9
627 863.5
1022 864.0
68 864.5
1020 865.1
474 865.9
145 868.2
445 868.5
117 871.3
868 871.3
886 871.7
326 871.8
1018 873.9
78 875.0
102 877.7
350 877.8
88 880.4
542 881.0
515 881.4
348 881.9
447 885.0
106 887.2
641 888.1
598 890.5
124 893.5
518 893.5
523 894.7
519 897.1
467 897.6
448 898.6
160 899.4
470 900.7
278 901.6
56 904.2
103 904.7
473 904.9
212 905.0
169 905.3
464 907.4
38 907.8
454 908.1
554 912.4
592 915.3
266 915.9
301 917.0
100 918.4
57 920.6
588 925.4
267 925.8
502 925.9
134 926.4
53 926.8
1040 928.0
54 928.2
262 928.5
112 930.4
216 933.6
324 933.7
45 934.0
506 934.4
225 934.7
644 935.8
514 937.3
59 943.9
545 945.5
224 946.4
496 947.5
165 950.6
159 950.7
72 957.4
633 957.6
161 959.4
203 961.4
154 963.8
226 964.9
254 966.1
471 968.5
319 969.7
139 971.9
183 973.5
544 976.8
32 984.2
492 984.7
110 992.4
148 995.7
309 995.8
288 998.0
229 998.5
294 1001.2
259 1002.4
55 1006.7
189 1009.6
572 1013.7
149 1023.5
135 1031.1
1033 1034.0
276 1034.0
351 1034.7
263 1036.2
108 1040.5
201 1040.7
152 1042.1
300 1046.2
311 1048.5
657 1051.2
126 1054.5
125 1055.9
863 1057.1
862 1060.1
198 1063.3
531 1063.4
182 1076.9
550 1078.1
603 1080.4
465 1082.0
191 1087.6
140 1093.7
18 1094.1
450 1100.4
246 1102.8
486 1105.2
37 1112.9
170 1121.4
280 1123.1
214 1137.6
114 1141.4
559 1162.0
245 1164.8
293 1166.6
865 1169.1
252 1170.2
558 1173.1
290 1177.8
694 1180.6
279 1184.4
233 1184.9
213 1191.0
168 1194.8
264 1196.4
131 1199.8
193 1201.0
286 1201.5
178 1203.0
488 1206.1
221 1206.4
122 1214.8
46 1216.5
647 1219.2
604 1228.3
162 1236.7
77 1245.4
292 1251.0
645 1257.7
1017 1265.2
992 1266.1
261 1267.5
241 1273.7
231 1277.0
206 1280.1
295 1281.5
273 1285.5
163 1285.9
860 1295.3
190 1296.5
243 1298.2
74 1306.1
257 1311.5
228 1316.1
42 1316.2
836 1317.0
187 1319.5
339 1319.7
116 1321.8
210 1323.0
861 1324.4
31 1325.2
230 1325.6
166 1326.7
144 1326.8
260 1327.1
147 1327.7
223 1327.8
185 1328.6
275 1331.3
208 1332.6
866 1332.9
202 1333.5
268 1334.0
238 1334.8
889 1335.2
235 1335.9
646 1336.2
271 1339.3
121 1340.2
164 1342.6
265 1343.4
867 1345.5
240 1348.3
40 1352.5
111 1354.8
196 1357.7
864 1357.8
251 1359.1
207 1362.3
119 1367.1
272 1370.1
73 1377.6
220 1382.1
600 1382.3
177 1387.8
285 1387.8
132 1390.3
118 1396.9
50 1409.8
43 1421.5
838 1432.7
49 1432.8
244 1436.7
76 1442.1
211 1451.3
253 1455.2
343 1461.8
70 1464.1
222 1469.4
180 1469.7
277 1469.7
304 1469.9
52 1471.5
567 1472.1
167 1472.8
105 1481.3
123 1482.3
133 1489.2
876 1493.9
287 1494.5
904 1516.3
896 1525.7
227 1530.0
980 1531.0
186 1533.7
256 1535.6
983 1537.5
143 1538.9
898 1551.9
289 1558.2
325 1567.5
906 1567.5
75 1570.7
894 1571.1
30 1571.2
48 1572.2
130 1573.5
595 1592.2
104 1597.0
323 1599.4
307 1615.3
493 1641.7
327 1645.4
297 1668.1
44 1701.0
128 1701.9
34 1704.2
302 1722.7
971 1737.5
188 1755.3
312 1764.6
315 1765.7
313 1770.3
314 1776.4
47 1777.6
234 1781.6
316 1781.7
199 1784.6
142 1790.1
200 1795.8
179 1797.3
19 1797.8
255 1816.1
308 1816.3
137 1816.8
258 1824.9
317 1840.1
197 1845.9
970 1848.7
305 1850.4
20 2116.7
21 2127.4
800 2256.4
774 2292.9
895 2338.8
799 2347.0
771 2372.8
770 2375.4
4 2380.3
882 2403.6
27 2430.2
7 2509.3
24 2536.6
650 2546.1
788 2569.4
11 2573.8
729 2617.2
728 2618.6
721 2624.3
2 2643.1
16 2658.0
22 2715.8
8 2736.3
310 2736.9
662 2750.6
848 2759.8
26 2777.2
660 2807.5
666 2827.5
767 2868.7
654 2918.2
12 2953.6
25 2963.2
736 2978.8
734 2995.3
17 3014.6
735 3020.9
842 3021.8
29 3025.1
668 3074.5
1 3079.9
653 3094.1
655 3108.6
23 3131.7
6 3180.3
669 3205.0
667 3222.3
9 3234.4
785 3304.1
537 3332.7
3 3336.0
0 3379.0
805 3403.9
649 3406.1
745 3429.4
665 3449.2
619 3458.3
652 3614.8
855 3823.5
651 3869.9
636 3931.6
512 3938.7
997 4071.4
421 4512.0
418 4608.9
5 4657.9
827 4995.7
822 5013.6
806 5019.0
686 5101.5
884 5142.7
903 5193.8
901 5244.0
893 5388.1
888 5393.2
780 5435.5
872 5446.7
775 5459.8
772 5467.4
875 5490.9
849 5523.8
586 5570.7
779 5577.1
679 5590.9
852 5630.0
742 5651.1
847 5690.7
521 5695.0
195 5716.3
643 5790.3
283 5818.3
250 5819.0
217 5838.4
739 5844.8
173 5849.8
138 5861.9
79 5952.5
39 6008.7
766 6153.8
756 6155.9
828 6245.5
570 6278.2
566 6329.7
569 6361.9
798 6370.9
483 6460.6
877 6498.5
885 6541.3
787 6622.7
629 6660.4
597 6674.1
35 6702.1
340 6790.9
769 6793.6
346 6815.9
624 6949.5
417 7170.5
14 7627.3
907 8567.4
86 9108.7
905 9256.5
82 9256.9
843 9329.1
781 9436.0
725 9529.2
704 9530.8
738 9624.2
248 9719.7
715 9723.4
219 9734.0
176 9742.6
709 9745.1
748 9747.2
282 9748.9
136 9753.0
687 9804.3
692 9899.0
249 9912.5
218 9926.3
284 9930.9
174 9932.2
129 9935.8
548 9992.6
755 10082.2
699 10128.6
41 10144.2
743 10162.6
579 10186.0
247 10218.7
281 10227.7
546 10247.1
977 10366.3
601 10421.3
274 10435.7
807 10758.8
560 10791.3
556 10870.8
557 10912.2
853 11104.7
765 11137.5
854 11146.3
714 11160.1
824 11166.1
899 11220.3
891 11228.1
689 11232.7
747 11293.0
795 11293.7
879 11377.2
696 11384.3
833 11492.2
10 11514.7
707 11559.4
593 11563.4
786 11588.4
15 11689.4
801 11702.6
808 11761.0
706 11928.5
577 12101.3
684 12128.6
826 12175.9
823 12255.4
900 12321.2
494 12346.5
419 12372.5
549 12399.6
484 12777.8
520 12859.1
490 12872.6
718 12912.2
13 13383.2
28 13452.8
505 13464.0
501 13570.2
630 13626.9
497 13813.2
648 13953.2
510 14025.1
513 14092.7
909 15556.6
887 16465.2
902 16481.3
812 16666.8
817 16682.3
815 16686.6
813 16694.2
803 16695.4
811 16716.9
783 16722.9
720 16750.5
717 16771.4
814 16783.8
676 16799.0
809 16888.8
773 16959.6
172 17022.5
816 17200.6
753 17348.3
509 17434.4
564 17939.9
516 17968.4
517 18013.9
511 18100.1
